,num_annotations,num_tp,num_fp,num_fn,precision,recall,fmeasure,mean_error,std_error
0,89,72,14,17,0.8372093023255814,0.8089887640449438,0.822857142857143,-0.003522612611111159,0.0055051762026215095
1,107,91,10,16,0.900990099009901,0.8504672897196262,0.875,-0.0016909618681318892,0.006376594133293246
2,108,91,20,17,0.8198198198198198,0.8425925925925926,0.8310502283105022,-0.0029934461868131976,0.006512227775023892
3,77,77,5,0,0.9390243902439024,1.0,0.9685534591194969,-0.0041240390454541625,0.005922570130477112
4,98,97,7,1,0.9326923076923077,0.9897959183673469,0.9603960396039605,-0.004443859994845433,0.005105888362063252
5,99,98,6,1,0.9423076923076923,0.98989898989899,0.9655172413793104,-0.0032287472653060143,0.007050703899994761
6,60,60,9,0,0.8695652173913043,1.0,0.9302325581395349,-0.005103174366666611,0.005358408941769241
7,145,141,9,4,0.94,0.9724137931034482,0.9559322033898304,-0.0036881038085108775,0.0055691290762150585
8,317,316,0,1,1.0,0.9968454258675079,0.9984202211690364,-0.004995694006329064,0.003092040272338637
9,100,99,0,1,1.0,0.99,0.9949748743718593,-0.0053159711313132615,0.004419605416180778
10,8,8,0,0,1.0,1.0,1.0,-0.0012499999999999734,0.0033071891388306678
11,8,8,0,0,1.0,1.0,1.0,-0.007976190125000112,0.0025115299443735652
12,32,32,0,0,1.0,1.0,1.0,-0.0051147955625000015,0.0035757763417529195
13,453,449,2,4,0.9955654101995566,0.9911699779249448,0.993362831858407,-0.0035953665011133605,0.003559857618729153
14,162,135,26,27,0.8385093167701864,0.8333333333333334,0.8359133126934984,-0.004001511525925809,0.009207980217430661
15,60,9,5,51,0.6428571428571429,0.15,0.24324324324324323,-0.001342907111110847,0.007770673407002619
16,680,651,33,29,0.9517543859649122,0.9573529411764706,0.9545454545454545,-0.004342821519969213,0.006650418355495761
17,348,320,23,28,0.9329446064139941,0.9195402298850575,0.9261939218523878,-0.003972044956250095,0.006506391717269828
18,330,321,19,9,0.9441176470588235,0.9727272727272728,0.9582089552238805,-0.0029019644205607706,0.00524264987033167
19,43,43,9,0,0.8269230769230769,1.0,0.9052631578947368,-0.0013057001395348567,0.003631577723205378
20,16,16,4,0,0.8,1.0,0.888888888888889,-0.004073128625000054,0.0024888736018110133
21,10,10,1,0,0.9090909090909091,1.0,0.9523809523809523,-0.004138321300000009,0.0039870531794534095
22,17,17,2,0,0.8947368421052632,1.0,0.9444444444444444,-0.0026423897647058535,0.00402912673971311
23,12,12,0,0,1.0,1.0,1.0,-0.002360165833333415,0.003221091568932029
24,18,18,0,0,1.0,1.0,1.0,-0.002805492111111104,0.0034354536167161215
25,31,31,5,0,0.8611111111111112,1.0,0.9253731343283582,-0.0007717060645161659,0.005315665157303797
26,64,57,3,7,0.95,0.890625,0.9193548387096774,-0.0018904399736842036,0.0052104974269426875
27,27,27,5,0,0.84375,1.0,0.9152542372881356,-0.004276475574073981,0.005096131488303722
28,44,43,6,1,0.8775510204081632,0.9772727272727273,0.9247311827956989,-0.0027949159418604592,0.0048670833436864035
29,48,46,6,2,0.8846153846153846,0.9583333333333334,0.9199999999999999,-0.0030358369565218635,0.005312845815489952
30,37,35,3,2,0.9210526315789473,0.9459459459459459,0.9333333333333332,-0.0035374144142857654,0.005047132020695636
31,61,60,0,1,1.0,0.9836065573770492,0.9917355371900827,-0.0035702942833333094,0.003475102418669138
32,32,31,1,1,0.96875,0.96875,0.96875,-0.003591543645161274,0.003152212547640619
33,67,67,1,0,0.9852941176470589,1.0,0.9925925925925926,-0.0057349302388059655,0.0036419439731305795
34,47,47,1,0,0.9791666666666666,1.0,0.9894736842105264,-0.0053640174468084995,0.003365416370120835
35,26,26,0,0,1.0,1.0,1.0,-0.005085469538461494,0.0035381951101539012
36,32,32,0,0,1.0,1.0,1.0,-0.007503542593749879,0.00330666737607187
37,29,29,1,0,0.9666666666666667,1.0,0.983050847457627,-0.0021846895517241933,0.004107805058236033
38,18,18,2,0,0.9,1.0,0.9473684210526316,-0.00550516444444446,0.0033252212179687183
39,13,13,1,0,0.9285714285714286,1.0,0.962962962962963,-0.005103784692307656,0.0035111583673525506
40,12,12,4,0,0.75,1.0,0.8571428571428571,-0.0021655323749998714,0.006150265077531645
41,27,27,0,0,1.0,1.0,1.0,-0.003072981777777749,0.003554796919510667
42,20,20,0,0,1.0,1.0,1.0,-0.0021111106249998924,0.0046298551883235135
43,78,70,4,8,0.9459459459459459,0.8974358974358975,0.9210526315789475,-0.002852931128571467,0.005548312159259206
44,52,51,2,1,0.9622641509433962,0.9807692307692307,0.9714285714285713,-0.004321950549019474,0.005332513803671815
45,76,75,3,1,0.9615384615384616,0.9868421052631579,0.974025974025974,-0.004411488546666729,0.00557632510379799
46,17,7,3,10,0.7,0.4117647058823529,0.5185185185185185,-0.004000647285714365,0.004837277498651264
47,22,21,4,1,0.84,0.9545454545454546,0.8936170212765958,-0.004062195714285772,0.006401481984538662
48,32,29,5,3,0.8529411764705882,0.90625,0.8787878787878787,0.0014129334137929859,0.008958158432182001
49,18,14,7,4,0.6666666666666666,0.7777777777777778,0.717948717948718,-0.007172011285714597,0.010900125696039344
50,64,50,3,14,0.9433962264150944,0.78125,0.8547008547008547,-0.0010526072200001213,0.008195712913776599
51,48,46,5,2,0.9019607843137255,0.9583333333333334,0.9292929292929293,-0.0044212753260870095,0.0051512139587127255
52,26,26,1,0,0.9629629629629629,1.0,0.9811320754716981,-0.004399964538461473,0.005778609394771186
53,14,13,1,1,0.9285714285714286,0.9285714285714286,0.9285714285714286,-0.00362986184615383,0.006463618981999502
54,38,38,3,0,0.926829268292683,1.0,0.9620253164556963,-0.0023767746578946037,0.0056488505536469785
55,26,26,4,0,0.8666666666666667,1.0,0.9285714285714286,-0.00571341307692315,0.0032505947839459337
56,23,21,1,2,0.9545454545454546,0.9130434782608695,0.9333333333333332,-0.004724111285714287,0.004904480371708874
57,23,23,6,0,0.7931034482758621,1.0,0.8846153846153846,-0.0030089713043477996,0.003714600964308206
58,37,37,12,0,0.7551020408163265,1.0,0.8604651162790697,-0.0026138378108108594,0.003598826271995311
59,37,37,9,0,0.8043478260869565,1.0,0.891566265060241,-0.003313108581081078,0.0037806015864095734
60,58,58,0,0,1.0,1.0,1.0,-0.0012362180689654985,0.0033558803243697705
61,26,21,7,5,0.75,0.8076923076923077,0.7777777777777779,-0.00436777838095246,0.0069235021387028545
62,69,58,2,11,0.9666666666666667,0.8405797101449275,0.8992248062015503,-0.00457776172413795,0.004950380716283112
63,51,47,5,4,0.9038461538461539,0.9215686274509803,0.9126213592233009,-0.002831571851063849,0.005918088441854413
64,24,21,1,3,0.9545454545454546,0.875,0.9130434782608695,-0.0022243813809523704,0.00757261268294043
65,24,20,5,4,0.8,0.8333333333333334,0.816326530612245,-0.00554081620000022,0.007924335618307587
66,54,49,8,5,0.8596491228070176,0.9074074074074074,0.8828828828828829,-0.0029330366734694265,0.007062862769536988
67,13,7,2,6,0.7777777777777778,0.5384615384615384,0.6363636363636364,-0.004606413571428524,0.007774149681130799
68,69,61,5,8,0.9242424242424242,0.8840579710144928,0.9037037037037037,-0.0009353736147540794,0.006651869078539535
69,67,63,6,4,0.9130434782608695,0.9402985074626866,0.9264705882352942,-0.0024289128809522787,0.006028926802220689
70,43,40,5,3,0.8888888888888888,0.9302325581395349,0.9090909090909092,-0.002054137749999885,0.005301174846092271
71,63,61,7,2,0.8970588235294118,0.9682539682539683,0.9312977099236641,-0.0031381728114753685,0.005562965232799531
72,34,24,3,10,0.8888888888888888,0.7058823529411765,0.7868852459016393,-0.0007001130000000392,0.0032464159489680303
73,24,16,2,8,0.8888888888888888,0.6666666666666666,0.761904761904762,-0.001999716125000134,0.010132332315965241
74,38,27,5,11,0.84375,0.7105263157894737,0.7714285714285714,-0.004115225925926055,0.007224668820672118
75,7,5,0,2,1.0,0.7142857142857143,0.8333333333333333,-0.005800453400000194,0.004833143728096635
76,15,10,3,5,0.7692307692307693,0.6666666666666666,0.7142857142857142,-0.0012312918999999312,0.005479474002559024
77,3,3,0,0,1.0,1.0,1.0,-0.005003778666666421,0.00615167132067877
78,28,17,3,11,0.85,0.6071428571428571,0.7083333333333333,-0.0065572891176470345,0.0070127215077438005
79,40,39,8,1,0.8297872340425532,0.975,0.896551724137931,-0.004388045307692321,0.0031985872872165332
80,43,42,7,1,0.8571428571428571,0.9767441860465116,0.9130434782608695,-0.002633624285714247,0.0031030885632151433
81,30,30,5,0,0.8571428571428571,1.0,0.923076923076923,-0.003569916466666569,0.0035575992671964
82,55,53,5,2,0.9137931034482759,0.9636363636363636,0.9380530973451328,-0.0014602314716981517,0.0051031375578063165
83,44,44,6,0,0.88,1.0,0.9361702127659575,-0.003365027306818084,0.004732743519300423
84,44,43,1,1,0.9772727272727273,0.9772727272727273,0.9772727272727273,-0.0030111263837209667,0.00458522566893783
85,40,40,0,0,1.0,1.0,1.0,-0.0021388884749999532,0.003725573864836331
86,57,56,3,1,0.9491525423728814,0.9824561403508771,0.9655172413793103,-0.002672497071428485,0.003911896581720366
87,24,24,1,0,0.96,1.0,0.9795918367346939,-0.003133030520833508,0.007055233048064246
88,35,35,0,0,1.0,1.0,1.0,-0.0020310976571429724,0.0036032933419178903
89,22,21,6,1,0.7777777777777778,0.9545454545454546,0.8571428571428572,-0.004369937952380876,0.0046447776376188025
90,51,50,2,1,0.9615384615384616,0.9803921568627451,0.970873786407767,-0.0006979587399999421,0.0047504522548620365
91,26,24,5,2,0.8275862068965517,0.9230769230769231,0.8727272727272727,0.00322278966666655,0.009351187959986719
92,42,27,14,15,0.6585365853658537,0.6428571428571429,0.6506024096385543,-0.006076257185185102,0.008246310331084772
93,10,10,3,0,0.7692307692307693,1.0,0.8695652173913044,-0.004108842999999962,0.005602566639851293
94,46,44,10,2,0.8148148148148148,0.9565217391304348,0.8800000000000001,-0.004824777875000009,0.006427423575320564
95,38,35,4,3,0.8974358974358975,0.9210526315789473,0.9090909090909091,-0.004410106428571384,0.00389842340772719
96,32,32,10,0,0.7619047619047619,1.0,0.8648648648648648,-0.002364299390625102,0.0063069390934575266
97,20,19,3,1,0.8636363636363636,0.95,0.9047619047619048,-0.003089867105263404,0.004351918906825744
98,22,21,5,1,0.8076923076923077,0.9545454545454546,0.875,-0.005119856976190456,0.005128643094509525
99,11,11,0,0,1.0,1.0,1.0,-0.0018429182727273169,0.003949451441008041
100,20,20,0,0,1.0,1.0,1.0,-0.0015306116500000474,0.004194566968202099
101,31,29,1,2,0.9666666666666667,0.9354838709677419,0.9508196721311476,-0.00231214268965521,0.0034400308419952706
102,60,60,0,0,1.0,1.0,1.0,-0.002789493149999997,0.004267339337199224
103,22,20,2,2,0.9090909090909091,0.9090909090909091,0.9090909090909091,-0.0026405890500000085,0.0023650855814881244
104,59,57,8,2,0.8769230769230769,0.9661016949152542,0.9193548387096773,-0.001975175596491197,0.005265531764915801
105,30,30,1,0,0.967741935483871,1.0,0.9836065573770492,-0.0022418740666666696,0.007484401129760054
106,38,34,4,4,0.8947368421052632,0.8947368421052632,0.8947368421052632,-0.0012064820588235927,0.004958360332029389
107,17,17,2,0,0.8947368421052632,1.0,0.9444444444444444,-0.00646125076470558,0.003983575089876034
108,31,31,2,0,0.9393939393939394,1.0,0.96875,-0.004503693451612893,0.006587983389510614
109,58,54,5,4,0.9152542372881356,0.9310344827586207,0.923076923076923,-0.005216258851851793,0.005452640365064728
110,49,46,3,3,0.9387755102040817,0.9387755102040817,0.9387755102040817,-0.006645962217391373,0.005190042762420391
111,40,38,4,2,0.9047619047619048,0.95,0.9268292682926829,-0.007165532342105182,0.005184398551282533
112,56,55,3,1,0.9482758620689655,0.9821428571428571,0.9649122807017544,-0.005237476372727165,0.003805287250441405
113,72,66,2,6,0.9705882352941176,0.9166666666666666,0.9428571428571428,-0.004718442484848556,0.005606919627805681
114,65,63,1,2,0.984375,0.9692307692307692,0.9767441860465116,-0.004712593539682497,0.004810387708987308
115,43,40,3,3,0.9302325581395349,0.9302325581395349,0.9302325581395349,-0.005153911000000027,0.005004682018925685
116,45,45,1,0,0.9782608695652174,1.0,0.989010989010989,-0.006932224233333406,0.004650600506357953
117,77,75,1,2,0.9868421052631579,0.974025974025974,0.9803921568627451,-0.005456008556666722,0.005943906094539318
118,61,59,3,2,0.9516129032258065,0.9672131147540983,0.959349593495935,-0.00605057794067787,0.005776475840114719
119,66,63,10,3,0.863013698630137,0.9545454545454546,0.906474820143885,-0.0045740195396825846,0.007106541013733622
120,69,67,10,2,0.8701298701298701,0.9710144927536232,0.9178082191780821,-0.005024198253731353,0.006215653908362792
121,50,48,11,2,0.8135593220338984,0.96,0.8807339449541285,-0.005088104213541737,0.006556754310896806
122,43,40,7,3,0.851063829787234,0.9302325581395349,0.888888888888889,-0.004676161712500093,0.005862451393641594
123,82,80,2,2,0.975609756097561,0.975609756097561,0.975609756097561,-0.006686649181249943,0.005829401039241644
124,48,45,4,3,0.9183673469387755,0.9375,0.9278350515463918,-0.003840765466666649,0.007076393263428853
125,88,80,4,8,0.9523809523809523,0.9090909090909091,0.9302325581395349,-0.006072986993750032,0.006669100409188326
126,54,53,9,1,0.8548387096774194,0.9814814814814815,0.9137931034482759,-0.006943267330188664,0.004975112411003597
127,57,55,7,2,0.8870967741935484,0.9649122807017544,0.9243697478991597,-0.006605853981818171,0.004854040614973116
128,76,65,2,11,0.9701492537313433,0.8552631578947368,0.9090909090909092,-0.007261817053846126,0.006080565984830205
129,53,51,4,2,0.9272727272727272,0.9622641509433962,0.9444444444444444,-0.006656217588235329,0.004646295325160436
130,65,64,0,1,1.0,0.9846153846153847,0.9922480620155039,-0.006624149226562513,0.006147596210606975
131,85,75,5,10,0.9375,0.8823529411764706,0.9090909090909091,-0.005257293526666713,0.006511652849902865
132,67,65,6,2,0.9154929577464789,0.9701492537313433,0.9420289855072463,-0.0047864987153846544,0.0046800945610449745
133,74,70,3,4,0.958904109589041,0.9459459459459459,0.9523809523809523,-0.006618075292857198,0.006307895323712722
134,56,56,1,0,0.9824561403508771,1.0,0.9911504424778761,-0.0070027530178571554,0.004499420157400196
135,63,61,6,2,0.9104477611940298,0.9682539682539683,0.9384615384615386,-0.005659268721311538,0.004316428030600864
136,76,69,4,7,0.9452054794520548,0.9078947368421053,0.9261744966442953,-0.007983502072463742,0.005084180164510697
137,79,77,5,2,0.9390243902439024,0.9746835443037974,0.9565217391304348,-0.006525752655844182,0.005256705420876485
138,68,68,7,0,0.9066666666666666,1.0,0.9510489510489509,-0.004599339242647084,0.00560209483985707
139,72,67,2,5,0.9710144927536232,0.9305555555555556,0.9503546099290779,-0.005605814029850806,0.006656283106342454
140,67,61,9,6,0.8714285714285714,0.9104477611940298,0.8905109489051095,-0.005135496377049088,0.007090670581643085
141,59,55,11,4,0.8333333333333334,0.9322033898305084,0.8800000000000001,-0.005865181899999995,0.005013382038441476
142,53,49,7,4,0.875,0.9245283018867925,0.8990825688073395,-0.006246008183673501,0.006454563694814957
143,63,62,0,1,1.0,0.9841269841269841,0.9919999999999999,-0.005808828387096757,0.004817720557704155
144,57,54,1,3,0.9818181818181818,0.9473684210526315,0.9642857142857142,-0.00444990299999991,0.007492108039255662
145,76,71,11,5,0.8658536585365854,0.9342105263157895,0.8987341772151899,-0.006788508316901448,0.006000355477618052
146,40,34,6,6,0.85,0.85,0.85,-0.008500399661764713,0.005502020047236528
147,77,71,4,6,0.9466666666666667,0.922077922077922,0.9342105263157895,-0.005846986197183022,0.006543727396032044
148,69,65,6,4,0.9154929577464789,0.9420289855072463,0.9285714285714286,-0.005585033484615373,0.005931456067113185
149,51,44,3,7,0.9361702127659575,0.8627450980392157,0.8979591836734694,-0.0057622133522726585,0.0062454900732933655
150,65,55,5,10,0.9166666666666666,0.8461538461538461,0.8799999999999999,-0.0045932791818182215,0.007422998700572983
151,77,71,3,6,0.9594594594594594,0.922077922077922,0.9403973509933775,-0.006042444633802798,0.004542050600797345
152,64,63,5,1,0.9264705882352942,0.984375,0.9545454545454545,-0.005874814984126979,0.005777911731442267
153,70,59,5,11,0.921875,0.8428571428571429,0.880597014925373,-0.005481955025423732,0.005430445807060792
154,66,61,10,5,0.8591549295774648,0.9242424242424242,0.8905109489051095,-0.006025611909836087,0.00570569564063482
155,66,56,5,10,0.9180327868852459,0.8484848484848485,0.8818897637795275,-0.007633421968749968,0.006625064746408869
156,68,59,3,9,0.9516129032258065,0.8676470588235294,0.9076923076923077,-0.005804027355932189,0.006299237517665852
157,65,64,2,1,0.9696969696969697,0.9846153846153847,0.9770992366412214,-0.005595769046875019,0.0057872814897224
158,39,39,8,0,0.8297872340425532,1.0,0.9069767441860465,-0.00960811626923073,0.007372820519671383
159,72,63,3,9,0.9545454545454546,0.875,0.9130434782608695,-0.006169239658730211,0.005638055247326327
160,70,70,0,0,1.0,1.0,1.0,-0.003280368835714247,0.003803831686597621
161,52,50,10,2,0.8333333333333334,0.9615384615384616,0.8928571428571429,-0.008280044790000076,0.0062715444941180715
162,79,76,5,3,0.9382716049382716,0.9620253164556962,0.95,-0.004971207289473534,0.0064804166405625484
163,71,69,9,2,0.8846153846153846,0.971830985915493,0.9261744966442953,-0.005418514760869555,0.006726613661185102
164,66,49,2,17,0.9607843137254902,0.7424242424242424,0.8376068376068376,-0.0067675500612243925,0.00555507730331961
165,59,56,4,3,0.9333333333333333,0.9491525423728814,0.9411764705882353,-0.006122448491071455,0.005006425517871749
166,66,60,9,6,0.8695652173913043,0.9090909090909091,0.888888888888889,-0.005821805975000028,0.006064733639808176
167,153,132,14,21,0.9041095890410958,0.8627450980392157,0.882943143812709,-0.00471036849621202,0.007554312584484275
168,141,141,6,0,0.9591836734693877,1.0,0.9791666666666666,-0.0031406694645390917,0.004530584734258814
169,201,192,20,9,0.9056603773584906,0.9552238805970149,0.9297820823244553,-0.006503211911458293,0.005811594419571989
170,98,98,7,0,0.9333333333333333,1.0,0.9655172413793104,-0.005372066714285661,0.004360100048191173
171,173,167,12,6,0.9329608938547486,0.9653179190751445,0.9488636363636364,-0.0028446503532933926,0.005385518194829097
172,239,223,24,16,0.902834008097166,0.9330543933054394,0.9176954732510288,-0.005641072078475272,0.006360370495612899
173,162,159,6,3,0.9636363636363636,0.9814814814814815,0.9724770642201834,-0.004963561440251582,0.004366201404511226
174,162,157,10,5,0.9401197604790419,0.9691358024691358,0.9544072948328267,-0.004290768847133711,0.005654263922143314
175,106,27,26,79,0.5094339622641509,0.25471698113207547,0.339622641509434,-0.004276475518518631,0.00983100894783428
176,57,30,6,27,0.8333333333333334,0.5263157894736842,0.6451612903225806,-0.005755101500000271,0.006901294971464352
177,38,38,2,0,0.95,1.0,0.9743589743589743,-0.0057650071710525054,0.005139158877130787
178,241,237,13,4,0.948,0.983402489626556,0.965376782077393,-0.006866203071729894,0.005673928022141398
179,46,45,2,1,0.9574468085106383,0.9782608695652174,0.967741935483871,-0.007615015844444304,0.00625640576971005
180,195,190,1,5,0.9947643979057592,0.9743589743589743,0.9844559585492229,-0.0060384289421053575,0.005062387336227097
181,69,64,4,5,0.9411764705882353,0.927536231884058,0.9343065693430658,-0.00543898757812503,0.006491527307799698
182,117,112,3,5,0.9739130434782609,0.9572649572649573,0.9655172413793104,-0.005317459848214273,0.005577277362164206
183,95,93,4,2,0.9587628865979382,0.9789473684210527,0.96875,-0.004046277456989283,0.004823841567127746
184,15,10,5,5,0.6666666666666666,0.6666666666666666,0.6666666666666666,-0.011190475600000416,0.007222343255962742
185,43,42,1,1,0.9767441860465116,0.9767441860465116,0.9767441860465116,-0.007872259500000037,0.005089239785768995
186,104,87,4,17,0.9560439560439561,0.8365384615384616,0.8923076923076924,-0.00291500497701153,0.005889309276986809
187,248,236,12,12,0.9516129032258065,0.9516129032258065,0.9516129032258065,-0.003958117050847406,0.005416881618360283
188,122,116,10,6,0.9206349206349206,0.9508196721311475,0.9354838709677418,-0.0039699152456896085,0.006589503701766009
189,99,87,6,12,0.9354838709677419,0.8787878787878788,0.90625,-0.005144264298850474,0.008274409802091657
190,58,58,0,0,1.0,1.0,1.0,-0.00046797991379310877,0.0034972201552071003
191,163,159,11,4,0.9352941176470588,0.9754601226993865,0.9549549549549551,-0.004100314883647732,0.005680598050013675
192,94,80,6,14,0.9302325581395349,0.851063829787234,0.888888888888889,-0.003804421465625086,0.006498235080967196
193,17,14,2,3,0.875,0.8235294117647058,0.8484848484848485,-0.004081632428571432,0.0073202666667249
194,96,95,2,1,0.979381443298969,0.9895833333333334,0.9844559585492227,-0.0026950708368421576,0.005276882734060527
195,63,44,13,19,0.7719298245614035,0.6984126984126984,0.7333333333333333,-0.0024077505909092596,0.0077803575602747276
196,55,52,0,3,1.0,0.9454545454545454,0.9719626168224299,-0.0046153846153846965,0.00535707241430165
197,46,42,15,4,0.7368421052631579,0.9130434782608695,0.8155339805825242,-0.005487528285714244,0.0066226435670920705
198,179,179,0,0,1.0,1.0,1.0,-0.0016704033631285162,0.0034097296378865316
199,143,137,6,6,0.958041958041958,0.958041958041958,0.958041958041958,-0.00508375106751823,0.0055038244622681925
200,138,133,15,5,0.8986486486486487,0.9637681159420289,0.9300699300699301,-0.0026769301390976623,0.004863143839969906
201,125,123,10,2,0.924812030075188,0.984,0.9534883720930233,-0.003795143894308851,0.005525415395967876
202,94,87,9,7,0.90625,0.925531914893617,0.9157894736842105,-0.0031542079568964453,0.007339987850439645
203,91,75,22,16,0.7731958762886598,0.8241758241758241,0.7978723404255318,-0.003779591686666658,0.007042085098063076
204,34,11,2,23,0.8461538461538461,0.3235294117647059,0.46808510638297873,-0.006029684454545401,0.0063580897490278674
205,61,55,14,6,0.7971014492753623,0.9016393442622951,0.8461538461538461,-0.0036279117272727864,0.008699107513502165
206,52,51,1,1,0.9807692307692307,0.9807692307692307,0.9807692307692307,-0.001483259696078312,0.0048692673748767
207,104,104,5,0,0.9541284403669725,1.0,0.9765258215962441,-0.0035352344423076982,0.00448690298434348
208,87,82,7,5,0.9213483146067416,0.9425287356321839,0.9318181818181818,-0.005185830176829314,0.005697969094188586
209,397,397,0,0,1.0,1.0,1.0,-0.004968727551637084,0.0034486766093930234
210,18,8,1,10,0.8888888888888888,0.4444444444444444,0.5925925925925926,-0.0041411561249999895,0.007350051683217461
211,48,47,0,1,1.0,0.9791666666666666,0.9894736842105264,-0.0027625799787233873,0.006569417403323406
212,82,81,2,1,0.9759036144578314,0.9878048780487805,0.9818181818181818,-0.003173343135802527,0.005328124554210161
213,24,22,6,2,0.7857142857142857,0.9166666666666666,0.8461538461538461,-0.0038394144772726916,0.006650323844193164
214,19,18,7,1,0.72,0.9473684210526315,0.8181818181818181,-0.002091836611111132,0.005938809518399976
215,30,28,2,2,0.9333333333333333,0.9333333333333333,0.9333333333333333,-0.003338192160714366,0.005109088290557271
216,197,193,2,4,0.9897435897435898,0.9796954314720813,0.9846938775510204,-0.003504869619171031,0.003217181344951099
217,86,81,0,5,1.0,0.9418604651162791,0.970059880239521,-0.002270093086419752,0.004469753309170547
218,82,82,4,0,0.9534883720930233,1.0,0.9761904761904763,-0.003433023573170763,0.005057450909104971
219,96,95,5,1,0.95,0.9895833333333334,0.9693877551020408,-0.003192027463157882,0.004279413891284775
220,13,13,1,0,0.9285714285714286,1.0,0.962962962962963,-0.00698151015384608,0.006994740625741455
221,4,4,1,0,0.8,1.0,0.888888888888889,-0.006241496249999971,0.00257019138637528
222,9,9,1,0,0.9,1.0,0.9473684210526316,-0.004555555555555531,0.0027592716877672015
223,75,75,1,0,0.9868421052631579,1.0,0.9933774834437086,-0.006025698680000017,0.003269069281138445
224,10,10,1,0,0.9090909090909091,1.0,0.9523809523809523,-0.0040362806999999865,0.003001996890096745
225,7,7,1,0,0.875,1.0,0.9333333333333333,-0.006284418142857176,0.0034077992763236584
226,14,14,3,0,0.8235294117647058,1.0,0.9032258064516129,-0.007941366428571442,0.005751425623838313
227,31,31,0,0,1.0,1.0,1.0,-0.0018125954838709457,0.003816770496711093
228,15,15,0,0,1.0,1.0,1.0,-0.004681783399999939,0.0027823767802138927
229,52,49,4,3,0.9245283018867925,0.9423076923076923,0.9333333333333333,-0.004822527193877557,0.004099667535794844
230,18,18,4,0,0.8181818181818182,1.0,0.9,-0.005870495777777784,0.0025725153425053718
231,19,16,4,3,0.8,0.8421052631578947,0.8205128205128205,-0.009039115124999993,0.006311547444861579
232,10,9,2,1,0.8181818181818182,0.9,0.8571428571428572,-0.006200553777777812,0.0038059542871763893
233,6,6,1,0,0.8571428571428571,1.0,0.923076923076923,-0.005971276999999965,0.002628353922751016
234,12,12,1,0,0.9230769230769231,1.0,0.9600000000000001,-0.0027777773333333283,0.002302406327651094
235,22,20,2,2,0.9090909090909091,0.9090909090909091,0.9090909090909091,-0.004855441700000046,0.004239377253547719
236,345,343,15,2,0.9581005586592178,0.9942028985507246,0.9758179231863443,-0.007054930316326432,0.0049409354805950365
237,65,62,2,3,0.96875,0.9538461538461539,0.9612403100775193,-0.004448101314516077,0.004509612343665678
238,37,34,5,3,0.8717948717948718,0.918918918918919,0.8947368421052632,-0.0074449775441176,0.006281205530188933
239,47,44,4,3,0.9166666666666666,0.9361702127659575,0.9263157894736843,-0.004398061750000026,0.00464117882282146
240,42,40,1,2,0.975609756097561,0.9523809523809523,0.963855421686747,-0.0072908158624999594,0.005579260591936503
241,42,42,0,0,1.0,1.0,1.0,-0.008005344476190522,0.0035888234961035524
242,95,93,5,2,0.9489795918367347,0.9789473684210527,0.9637305699481866,-0.0072657445000000286,0.004748886790723177
243,72,66,12,6,0.8461538461538461,0.9166666666666666,0.8799999999999999,-0.007979625780303083,0.006979174989440218
244,26,25,3,1,0.8928571428571429,0.9615384615384616,0.9259259259259259,-0.00451428568000007,0.006094103084390641
245,124,114,38,10,0.75,0.9193548387096774,0.826086956521739,-0.006816843504385703,0.009071981558298825
246,55,54,6,1,0.9,0.9818181818181818,0.9391304347826087,-0.006043503458333323,0.007719620693732146
247,29,25,0,4,1.0,0.8620689655172413,0.9259259259259259,-0.007916099439999928,0.004411241583402739
248,15,15,8,0,0.6521739130434783,1.0,0.7894736842105263,-0.0030249428666666053,0.005747815925808788
249,110,104,11,6,0.9043478260869565,0.9454545454545454,0.9244444444444444,-0.003306514754807794,0.006948923341312916
250,5,5,0,0,1.0,1.0,1.0,-0.005306122400000035,0.0038223786927083676
251,173,157,15,16,0.9127906976744186,0.9075144508670521,0.9101449275362319,-0.001688836573248391,0.005257210874042177
252,51,46,0,5,1.0,0.9019607843137255,0.9484536082474228,-0.0023846491195651997,0.0048393022093179
253,18,18,4,0,0.8181818181818182,1.0,0.9,-0.005278407388888922,0.008397794840562642
254,163,156,4,7,0.975,0.9570552147239264,0.9659442724458206,-0.003141461362179614,0.0044508926554689
255,32,29,1,3,0.9666666666666667,0.90625,0.9354838709677419,-0.0052783639310344625,0.004626267779548812
256,17,17,1,0,0.9444444444444444,1.0,0.9714285714285714,-0.00847538982352947,0.006002677007884649
257,32,30,4,2,0.8823529411764706,0.9375,0.9090909090909091,-0.0036519270333333085,0.004401972506322559
258,103,103,0,0,1.0,1.0,1.0,-0.002296633446601967,0.003550041885361961
259,153,142,16,11,0.8987341772151899,0.9281045751633987,0.9131832797427653,-0.0028233685633802514,0.006737981012519107
260,162,150,10,12,0.9375,0.9259259259259259,0.9316770186335404,-0.004191761073333427,0.006257717840566313
261,148,96,8,52,0.9230769230769231,0.6486486486486487,0.7619047619047619,-0.0007888082968749941,0.006445479301490771
262,182,173,16,9,0.9153439153439153,0.9505494505494505,0.9326145552560646,-0.0025084868294798527,0.006386232059998657
263,209,185,8,24,0.9585492227979274,0.8851674641148325,0.9203980099502488,-0.0017525276810809705,0.004396735757687197
264,198,192,24,6,0.8888888888888888,0.9696969696969697,0.927536231884058,-0.0038567648906250086,0.006427079476512001
265,127,122,20,5,0.8591549295774648,0.9606299212598425,0.9070631970260223,-0.0033779409590164113,0.0070494933994637975
266,125,116,7,9,0.943089430894309,0.928,0.9354838709677419,-0.0028162870215516574,0.0055461281628354335
267,66,61,11,5,0.8472222222222222,0.9242424242424242,0.8840579710144927,-0.003369577196721427,0.007303343812948549
268,199,181,11,18,0.9427083333333334,0.9095477386934674,0.925831202046036,-0.0022161460165744896,0.005590635004691184
269,157,148,24,9,0.8604651162790697,0.9426751592356688,0.8996960486322189,-0.005391386155405434,0.007159417061366531
270,261,255,31,6,0.8916083916083916,0.9770114942528736,0.9323583180987203,-0.003062869345098033,0.006735179225240673
271,221,206,30,15,0.8728813559322034,0.9321266968325792,0.9015317286652078,-0.00435819929611646,0.007288373592386357
272,157,152,8,5,0.95,0.9681528662420382,0.9589905362776026,-0.005370046907894783,0.006230468293898171
273,117,97,14,20,0.8738738738738738,0.8290598290598291,0.8508771929824561,-0.005285199845360749,0.006042920687379965
274,115,107,17,8,0.8629032258064516,0.9304347826086956,0.895397489539749,-0.004158030654205597,0.006635517721514108
275,73,41,9,32,0.82,0.5616438356164384,0.6666666666666667,-0.005519052999999952,0.007951595248920413
276,253,247,1,6,0.9959677419354839,0.9762845849802372,0.9860279441117764,-0.002460087469635594,0.003746868254340911
277,176,170,15,6,0.918918918918919,0.9659090909090909,0.9418282548476454,-0.0023223951352940885,0.0060708408885215386
278,214,207,14,7,0.9366515837104072,0.9672897196261683,0.9517241379310345,-0.004309485227053066,0.004743345857007955
279,334,312,22,22,0.9341317365269461,0.9341317365269461,0.9341317365269461,-0.0032280944423079194,0.006008245443195552
280,1103,990,56,113,0.9464627151051626,0.8975521305530372,0.921358771521638,-0.004117959290656681,0.005436979777699655
281,452,407,44,45,0.9024390243902439,0.9004424778761062,0.9014396456256922,-0.004594301799754261,0.00681303251206187
282,269,212,15,57,0.933920704845815,0.7881040892193308,0.8548387096774194,-0.0034765003113213897,0.004570049089552059
283,714,630,29,84,0.9559939301972686,0.8823529411764706,0.9176984705025492,-0.00392052659761907,0.006040055166344675
284,185,148,28,37,0.8409090909090909,0.8,0.8199445983379502,-0.003737129780405537,0.005930563322152023
285,28,23,8,5,0.7419354838709677,0.8214285714285714,0.7796610169491526,-0.006333431260869633,0.005163705196977799
286,39,33,6,6,0.8461538461538461,0.8461538461538461,0.8461538461538461,-0.004465745378787795,0.008468511636304743
287,21,19,1,2,0.95,0.9047619047619048,0.9268292682926829,-0.005955364105263178,0.005502879931130321
288,42,29,2,13,0.9354838709677419,0.6904761904761905,0.7945205479452055,-0.005858549810344766,0.005339226520192819
289,49,47,2,2,0.9591836734693877,0.9591836734693877,0.9591836734693877,-0.00693877494680853,0.0054838822729936475
290,62,62,2,0,0.96875,1.0,0.9841269841269841,-0.004131116443548428,0.0043226299184956464
291,41,37,2,4,0.9487179487179487,0.9024390243902439,0.9249999999999999,-0.002845804445945945,0.007939937438547146
292,56,51,3,5,0.9444444444444444,0.9107142857142857,0.9272727272727271,-0.0035198518725489698,0.008442574504971474
293,27,25,6,2,0.8064516129032258,0.9259259259259259,0.8620689655172414,-0.0052616774599999645,0.0064095334662315154
294,31,31,1,0,0.96875,1.0,0.9841269841269841,-0.007664032870967654,0.005551963709784283
295,63,59,1,4,0.9833333333333333,0.9365079365079365,0.9593495934959351,-0.007251239025423883,0.005364364658741775
296,27,27,5,0,0.84375,1.0,0.9152542372881356,-0.006871167703703722,0.004829482998376875
297,61,60,6,1,0.9090909090909091,0.9836065573770492,0.9448818897637795,-0.005595804533333342,0.005723416389887286
298,47,45,9,2,0.8333333333333334,0.9574468085106383,0.8910891089108911,-0.006781556555555533,0.005960078543782286
299,49,47,12,2,0.7966101694915254,0.9591836734693877,0.8703703703703702,-0.009169078446808691,0.0074177128695437355
300,46,39,3,7,0.9285714285714286,0.8478260869565217,0.8863636363636365,-0.005730274551282051,0.00410502359395572
301,44,43,4,1,0.9148936170212766,0.9772727272727273,0.945054945054945,-0.0057622733604651005,0.006721187323348716
302,43,43,2,0,0.9555555555555556,1.0,0.9772727272727273,-0.0057482988372093025,0.0060127282602888904
303,46,39,7,7,0.8478260869565217,0.8478260869565217,0.8478260869565218,-0.005411942012820583,0.007056393204569899
304,45,44,4,1,0.9166666666666666,0.9777777777777777,0.946236559139785,-0.006362347499999996,0.00687957127753157
305,52,51,4,1,0.9272727272727272,0.9807692307692307,0.9532710280373831,-0.006184250960784232,0.00502684710629429
306,40,34,4,6,0.8947368421052632,0.85,0.8717948717948718,-0.0056452576029412446,0.006667033249246875
307,35,28,7,7,0.8,0.8,0.8000000000000002,-0.002952704428571415,0.006590550876578256
308,37,36,5,1,0.8780487804878049,0.972972972972973,0.923076923076923,-0.006444632902777683,0.0057975461389939255
309,58,50,0,8,1.0,0.8620689655172413,0.9259259259259259,-0.00494535098999988,0.004587823178590482
310,37,32,2,5,0.9411764705882353,0.8648648648648649,0.9014084507042254,-0.0028018701718748604,0.005391320214009942
311,59,52,5,7,0.9122807017543859,0.8813559322033898,0.8965517241379309,-0.0060936677211538065,0.0055516827081788876
312,51,46,8,5,0.8518518518518519,0.9019607843137255,0.8761904761904761,-0.007636300358695546,0.006244609364016191
313,65,65,4,0,0.9420289855072463,1.0,0.9701492537313433,-0.0026860277076923666,0.005952202007336327
314,78,77,1,1,0.9871794871794872,0.9871794871794872,0.9871794871794872,-0.006290013357142914,0.0045190236401575915
315,60,47,5,13,0.9038461538461539,0.7833333333333333,0.8392857142857143,-0.004984078202127615,0.0054769871296385456
316,67,59,7,8,0.8939393939393939,0.8805970149253731,0.887218045112782,-0.003420961271186545,0.0069087073448420785
317,50,49,0,1,1.0,0.98,0.98989898989899,-0.002933036755102111,0.004969366328216556
318,32,29,3,3,0.90625,0.90625,0.90625,-0.002614746793103373,0.00679187272622889
319,40,40,0,0,1.0,1.0,1.0,-0.0031833895999999902,0.0034884637002153018
